> 11 1050 30 1069 0
) 21 1050 30 1069 0
F 53 1054 56 1066 0
i 53 1054 62 1065 0
l 64 1054 74 1066 0
e 72 1054 74 1066 0
E 96 1054 102 1065 0
d 103 1054 110 1066 0
i 112 1054 114 1062 0
t 115 1054 120 1064 0
S 140 1054 147 1065 0
e 149 1054 156 1062 0
l 157 1054 159 1066 0
e 161 1054 168 1062 0
c 169 1054 180 1064 0
t 175 1054 182 1066 0
i 182 1054 193 1062 0
o 191 1054 199 1066 0
n 195 1054 201 1062 0
V 222 1054 231 1065 0
i 232 1054 234 1066 0
e 236 1054 243 1062 0
w 243 1054 254 1062 0
G 274 1054 283 1065 0
o 285 1054 293 1062 0
R 314 1054 322 1065 0
u 323 1054 330 1062 0
n 332 1054 339 1062 0
T 359 1054 362 1066 0
e 359 1054 373 1065 0
r 375 1054 379 1062 0
m 380 1054 392 1062 0
i 394 1054 395 1062 0
n 397 1054 404 1062 0
a 406 1054 412 1062 0
l 414 1054 416 1066 0
H 437 1050 441 1066 0
e 437 1054 446 1065 0
l 448 1054 458 1066 0
p 460 1050 468 1062 0
€ 570 1053 584 1065 0
P 912 1045 924 1073 0
O 935 1052 947 1069 0
S 944 1045 952 1073 0
V 949 1054 964 1064 0
i 966 1054 968 1061 0
s 969 1054 974 1061 0
u 975 1054 982 1061 0
a 982 1045 987 1073 0
l 983 1054 993 1064 0
i 995 1054 996 1064 0
n 999 1054 1005 1061 0
s 1006 1054 1011 1061 0
t 1012 1054 1016 1063 0
r 1017 1054 1029 1061 0
u 1024 1045 1031 1073 0
c 1030 1045 1036 1073 0
t 1031 1054 1041 1063 0
- 1042 1057 1046 1058 0
m 1048 1054 1058 1061 0
a 1056 1045 1064 1073 0
i 1060 1054 1069 1061 0
n 1071 1054 1078 1061 0
D 1664 1051 1681 1068 0
O 1678 1051 1694 1068 0
e 1696 1051 1712 1068 0
d 1727 1051 1744 1068 0
a 1759 1052 1766 1067 0
s 1769 1052 1775 1067 0
- 1800 1059 1810 1060 0
& 1892 1055 1902 1065 0
o 12 992 28 1029 0
O 16 996 41 1025 0
E 82 1012 88 1021 0
X 89 1012 96 1021 0
P 97 1012 103 1021 0
L 104 1012 110 1021 0
O 110 1012 119 1021 0
R 120 1012 127 1021 0
E 128 1012 133 1021 0
R 135 1012 142 1021 0
Y 60 969 70 997 0
O 82 978 91 988 0
S 92 978 99 988 0
V 99 978 108 988 0
I 109 978 111 988 0
S 112 978 119 988 0
U 120 978 128 988 0
A 129 978 138 988 0
L 139 978 145 988 0
I 146 978 148 988 0
N 150 978 159 988 0
S 160 978 167 988 0
T 167 978 183 988 0
R 176 978 184 988 0
U 184 978 192 988 0
C 193 978 200 988 0
T 201 978 209 988 0
- 209 981 213 982 0
M 215 978 226 988 0
A 223 978 231 988 0
I 227 978 239 988 0
p 16 939 43 967 0
a 77 932 91 968 0
o 99 932 116 969 0
e 115 928 139 968 0
O 627 939 645 959 0
S 646 939 660 959 0
V 654 939 666 960 0
i 660 939 676 959 0
s 677 939 694 959 0
u 691 939 703 960 0
a 696 939 708 954 0
l 709 939 728 960 0
I 730 939 738 959 0
n 741 939 753 954 0
s 755 939 766 954 0
t 766 939 775 958 0
r 777 939 785 954 0
u 787 939 799 954 0
c 795 939 808 960 0
t 801 939 821 958 0
A 829 939 845 959 0
s 846 939 857 954 0
s 852 939 864 959 0
i 858 939 874 959 0
s 876 939 887 954 0
t 887 939 896 958 0
a 896 939 909 954 0
n 912 939 924 954 0
t 925 939 934 958 0
U 1684 944 1697 959 0
e 1711 946 1728 957 0
b 1743 945 1746 956 0
e 1743 945 1754 956 0
2 382 1011 394 1024 0
m 405 1011 416 1019 0
a 411 1011 421 1019 0
i 417 1011 428 1019 0
n 430 1011 437 1019 0
. 434 1011 437 1019 0
@ 526 1011 538 1024 0
i 549 1011 550 1019 0
n 552 1011 559 1019 0
s 561 1011 566 1019 0
t 567 1011 572 1021 0
r 571 1011 579 1021 0
u 573 1011 585 1019 0
c 587 1011 593 1019 0
t 594 1011 599 1021 0
i 600 1011 601 1019 0
o 603 1011 611 1019 0
P 738 1011 746 1022 0
r 745 1001 752 1028 0
o 747 1011 760 1019 0
c 758 1001 766 1028 0
e 761 1011 782 1019 0
s 772 1001 779 1028 0
s 779 1001 786 1028 0
, 783 1011 792 1019 0
O 883 1011 890 1019 0
c 891 1011 897 1019 0
h 896 1011 897 1019 0
. 896 1011 897 1019 0
b 908 1011 911 1021 0
x 906 1011 923 1021 0
t 915 1011 923 1021 0
s 1027 1011 1032 1019 0
p 1032 1011 1039 1023 0
l 1043 1011 1045 1023 0
a 1046 1011 1053 1019 0
s 1054 1011 1060 1019 0
h 1061 1011 1068 1023 0
~ 316 964 1683 1005 0
~ 316 1005 382 1021 0
~ 437 1005 1027 1021 0
~ 1068 1005 1683 1021 0
~ 73 901 95 921 0
c 99 905 106 913 0
o 107 905 115 913 0
m 116 905 128 913 0
m 129 905 141 913 0
a 137 901 145 917 0
n 142 905 158 913 0
d 159 905 167 917 0
_ 168 903 175 904 0
p 176 901 184 913 0
r 185 905 189 913 0
o 190 905 198 913 0
m 199 905 211 913 0
p 207 901 218 917 0
t 213 901 226 915 0
_ 226 903 233 904 0
s 233 905 239 913 0
3 87 885 89 887 0
T 357 886 369 902 0
A 369 886 382 902 0
S 383 886 394 902 0
K 395 886 406 902 0
S 407 886 418 902 0
~ 568 892 578 898 0
c 99 879 106 887 0
o 107 879 115 887 0
m 116 879 128 887 0
p 126 869 135 903 0
o 130 875 153 887 0
s 143 869 152 903 0
e 154 879 161 887 0
_ 163 877 169 878 0
b 169 879 177 891 0
u 177 869 183 903 0
t 178 879 191 889 0
t 192 879 197 889 0
o 197 879 206 887 0
n 207 879 214 887 0
. 216 879 218 881 0
p 219 875 227 887 0
n 228 879 236 887 0
e 237 875 240 887 0
7 691 882 694 885 0
L 776 873 784 886 0
i 785 873 787 886 0
n 789 873 797 883 0
d 798 873 807 887 0
a 808 873 816 883 0
2 1401 873 1409 886 0
0 1411 873 1420 886 0
2 1421 873 1429 886 0
3 1431 873 1439 886 0
- 1441 878 1446 880 0
1 1449 873 1456 886 0
2 1458 873 1466 886 0
- 1468 878 1473 880 0
2 1475 873 1483 886 0
8 1485 873 1494 886 0
0 1501 873 1510 886 0
8 1511 873 1520 886 0
: 1522 873 1524 883 0
0 1527 873 1536 886 0
4 1527 873 1546 886 0
: 1548 873 1550 883 0
2 1553 873 1561 886 0
2 1563 873 1571 886 0
c 99 852 106 860 0
o 107 852 115 860 0
n 116 852 123 860 0
v 122 841 129 868 0
e 124 852 132 860 0
r 132 852 140 860 0
t 141 852 150 862 0
d 149 841 156 868 0
l 151 852 163 864 0
g 164 848 172 860 0
. 173 852 175 854 0
b 176 841 183 868 0
a 177 852 192 864 0
t 193 852 198 862 0
® 329 840 349 860 0
c 361 840 365 855 0
a 361 843 379 855 0
p 374 840 384 855 0
t 381 840 389 852 0
u 389 843 395 855 0
r 396 843 410 852 0
e 410 843 419 852 0
a 424 843 432 852 0
s 439 843 444 856 0
c 439 843 454 852 0
r 455 843 460 852 0
e 460 843 468 856 0
e 460 843 478 852 0
n 479 843 486 852 0
s 483 843 491 856 0
h 488 843 503 856 0
o 500 843 507 856 0
t 504 843 519 855 0
o 524 843 528 856 0
f 524 843 539 856 0
t 543 843 549 855 0
h 549 843 559 856 0
e 550 843 567 856 0
s 572 843 580 852 0
c 572 843 588 852 0
r 589 843 594 852 0
e 594 843 599 852 0
c 99 826 106 834 0
o 107 826 115 834 0
n 116 826 123 834 0
v 120 822 128 838 0
e 124 826 132 834 0
r 132 826 140 834 0
t 141 826 150 836 0
p 151 822 159 834 0
y 160 822 167 834 0
. 168 826 170 828 0
b 170 822 180 838 0
a 171 826 187 838 0
t 188 826 193 836 0
c 99 800 106 808 0
u 107 800 114 808 0
r 111 792 120 821 0
S 116 800 128 811 0
c 129 800 136 808 0
r 137 800 142 808 0
e 142 800 149 808 0
e 150 800 157 808 0
n 155 792 163 821 0
. 158 800 169 808 0
p 171 796 179 808 0
n 180 800 187 808 0
g 188 796 196 808 0
@ 329 797 349 817 0
P 362 800 365 813 0
e 362 800 370 812 0
r 370 800 379 809 0
f 380 800 391 813 0
o 390 800 399 809 0
r 400 800 405 809 0
m 406 800 418 809 0
O 425 800 435 812 0
C 424 800 446 812 0
R 447 800 457 812 0
o 462 800 471 809 0
n 472 800 479 809 0
t 485 800 491 812 0
h 490 800 498 813 0
e 492 800 509 813 0
c 514 797 521 813 0
a 514 800 530 809 0
p 532 797 540 809 0
t 540 800 546 812 0
u 547 800 554 809 0
r 556 800 561 809 0
e 560 797 570 813 0
d 561 800 578 813 0
s 584 800 599 809 0
c 593 800 599 809 0
f 95 765 104 790 0
i 99 773 107 785 0
r 108 773 113 781 0
s 113 773 119 781 0
t 120 773 125 783 0
p 126 769 141 781 0
a 136 765 143 790 0
g 142 769 150 781 0
e 152 773 159 781 0
. 160 773 162 775 0
p 163 769 172 781 0
y 172 769 180 781 0
+ 271 769 289 786 0
f 99 747 107 759 0
i 104 743 109 759 0
r 109 747 113 755 0
s 113 747 119 755 0
t 120 747 125 757 0
p 126 743 141 755 0
a 134 743 142 759 0
g 142 743 150 755 0
e 152 747 159 755 0
. 160 747 162 749 0
u 163 747 171 755 0
i 173 747 175 759 0
g 99 716 107 728 0
p 105 706 114 738 0
t 109 716 122 730 0
P 124 720 131 731 0
r 132 720 137 728 0
o 137 720 145 728 0
c 146 720 153 728 0
e 151 706 159 738 0
s 153 720 167 728 0
s 168 720 174 728 0
. 175 720 177 722 0
p 179 716 195 728 0
y 188 706 199 738 0
© 325 704 339 736 0
U 362 714 371 726 0
s 367 714 376 726 0
e 373 714 389 723 0
t 394 714 400 726 0
h 399 714 408 727 0
e 401 714 418 727 0
c 423 714 431 723 0
o 431 714 440 727 0
o 431 714 449 723 0
r 450 714 455 723 0
d 455 714 463 727 0
i 465 714 467 726 0
n 469 714 477 727 0
a 469 714 485 723 0
t 486 714 492 726 0
e 490 714 499 727 0
s 492 714 509 723 0
o 514 714 523 723 0
f 523 714 529 727 0
t 533 714 539 726 0
h 540 714 547 727 0
e 548 714 557 723 0
d 562 714 570 727 0
e 571 714 580 723 0
t 580 714 586 726 0
e 586 714 599 723 0
c 594 714 599 727 0
i 100 694 102 706 0
n 104 694 111 702 0
s 109 690 117 706 0
t 112 694 123 704 0
r 124 694 129 702 0
u 130 694 137 702 0
c 136 690 144 706 0
t 138 694 150 704 0
i 151 694 153 706 0
o 154 694 163 702 0
n 164 694 171 702 0
. 173 694 175 696 0
p 177 690 184 706 0
y 176 690 192 702 0
o 880 0 891 0 0
e 880 0 909 0 0
[ 880 0 881 0 0
a 880 0 884 0 0
l 884 0 892 0 0
~ 1789 860 1920 964 0
T 775 833 786 846 0
A 786 833 797 846 0
S 798 833 807 846 0
K 805 823 817 857 0
S 808 833 828 846 0
s 1679 836 1682 837 0
t 1683 836 1691 847 0
e 1693 836 1700 844 0
( 1703 833 1708 848 0
d 1711 836 1718 848 0
a 1721 836 1728 844 0
t 1729 836 1737 847 0
a 1739 836 1746 844 0
) 1749 833 1754 848 0
" 1760 844 1762 848 0
y 823 0 852 0 0
d 842 0 852 0 0
a 826 0 840 0 0
a 852 0 865 0 0
3 805 0 812 0 0
a 710 0 735 0 0
n 675 0 680 0 0
e 694 0 707 0 0
e 720 0 733 0 0
m 748 0 759 0 0
@ 773 0 786 0 0
F 800 0 805 0 0
F 806 0 808 0 0
O 776 783 788 796 0
S 783 773 793 801 0
V 789 783 798 796 0
i 798 783 809 796 0
s 810 783 821 796 0
u 822 783 830 793 0
a 828 773 835 801 0
l 831 783 839 793 0
i 841 783 850 797 0
n 852 783 860 793 0
s 858 773 868 801 0
t 861 783 875 796 0
r 876 783 881 793 0
u 882 783 890 793 0
c 888 773 898 801 0
t 891 783 905 796 0
2 1401 783 1410 796 0
0 1411 783 1420 796 0
2 1421 783 1429 796 0
3 1431 783 1439 796 0
- 1441 788 1446 790 0
1 1449 783 1456 796 0
2 1458 783 1466 796 0
- 1468 788 1473 790 0
2 1475 783 1484 796 0
8 1485 783 1494 796 0
0 1501 783 1510 796 0
8 1511 783 1520 796 0
: 1522 783 1524 793 0
0 1527 783 1535 796 0
4 1527 783 1546 796 0
: 1548 783 1550 793 0
2 1553 783 1561 796 0
2 1563 783 1572 796 0
T 775 754 786 767 0
a 781 750 791 768 0
k 786 754 794 764 0
i 796 754 807 768 0
n 809 754 817 764 0
g 818 750 827 764 0
s 834 754 843 768 0
c 834 754 850 764 0
r 851 754 856 764 0
e 856 754 874 764 0
e 866 754 875 768 0
n 875 754 883 764 0
s 884 754 892 764 0
h 893 754 901 768 0
o 898 754 908 768 0
t 902 754 918 767 0
t 924 754 930 767 0
o 930 754 940 764 0
u 947 754 955 764 0
n 957 754 965 764 0
d 966 754 975 768 0
e 976 754 985 764 0
r 986 754 991 764 0
s 989 754 999 768 0
t 991 754 1013 767 0
a 1007 754 1014 768 0
n 1015 754 1023 764 0
d 1024 754 1033 768 0
d 1040 754 1049 768 0
e 1048 750 1057 768 0
s 1050 754 1067 764 0
k 1065 750 1075 768 0
t 1068 754 1082 768 0
o 1082 754 1092 764 0
p 1093 750 1102 764 0
e 1108 754 1117 764 0
n 1118 754 1126 764 0
v 1127 754 1136 764 0
i 1137 754 1139 767 0
r 1141 754 1146 764 0
o 1146 754 1156 764 0
n 1157 754 1165 764 0
e 1166 754 1175 764 0
m 1176 754 1189 764 0
e 1184 754 1194 767 0
n 1190 754 1199 764 0
t 1200 754 1208 764 0
. 1209 754 1215 767 0
. 1216 754 1219 757 0
. 1221 754 1229 757 0
S 776 728 783 746 0
e 776 732 794 745 0
n 795 732 803 742 0
d 800 728 809 746 0
i 804 732 817 746 0
n 819 732 827 742 0
g 828 728 837 742 0
r 845 732 850 742 0
e 849 728 859 745 0
q 850 728 868 742 0
u 870 732 878 742 0
e 875 728 885 745 0
s 879 732 902 745 0
t 893 728 900 745 0
t 908 732 914 745 0
o 914 732 924 742 0
C 930 732 941 745 0
h 942 732 950 746 0
a 951 732 959 742 0
t 960 732 966 745 0
- 967 737 972 739 0
g 973 728 982 742 0
p 979 728 989 746 0
t 984 728 999 745 0
- 1000 737 1005 739 0
3 1007 732 1015 745 0
. 1017 732 1020 735 0
5 1022 732 1030 745 0
- 1032 737 1037 739 0
t 1038 732 1044 745 0
u 1045 732 1053 742 0
r 1055 732 1060 742 0
b 1060 728 1069 746 0
o 1061 732 1080 746 0
t 1086 732 1092 745 0
o 1092 732 1102 742 0
b 1109 732 1118 746 0
u 1114 732 1123 746 0
i 1119 732 1127 742 0
l 1129 732 1135 746 0
d 1136 732 1145 746 0
o 1152 732 1162 742 0
u 1163 732 1171 742 0
t 1172 732 1178 745 0
s 1184 732 1192 742 0
u 1193 732 1201 742 0
b 1200 732 1208 746 0
- 1203 732 1218 746 0
t 1216 732 1223 746 0
a 1219 732 1233 745 0
s 1231 732 1238 746 0
k 1234 732 1242 742 0
s 1243 732 1259 746 0
. 1252 732 1260 746 0
. 1260 732 1263 735 0
. 1265 732 1273 735 0
~ 15 766 16 787 0
~ 15 776 37 777 0
~ 26 765 27 787 0
S 765 0 773 0 0
s 765 0 782 0 0
~ 15 765 38 767 0
@ 329 754 349 774 0
R 362 757 367 770 0
e 362 757 372 769 0
a 372 757 389 766 0
d 390 757 398 770 0
t 404 757 410 769 0
h 411 757 419 770 0
e 411 757 428 770 0
O 434 757 442 769 0
C 433 757 455 769 0
R 456 757 466 769 0
r 472 757 475 770 0
e 472 757 477 766 0
s 477 757 494 766 0
u 490 757 498 770 0
l 495 757 502 766 0
t 504 757 513 770 0
a 518 757 526 766 0
n 528 757 535 766 0
d 536 757 544 770 0
e 550 757 559 769 0
x 550 757 573 769 0
t 565 757 573 769 0
r 574 757 579 766 0
a 579 757 587 766 0
c 588 757 599 769 0
t 595 757 599 769 0
i 1679 745 1682 753 0
t 1683 745 1691 756 0
. 1693 742 1702 757 0
) 1703 742 1718 757 0
t 1679 722 1683 730 0
h 1684 722 1691 734 0
i 1693 722 1700 734 0
c 1702 722 1709 730 0
h 1712 722 1719 734 0
i 1730 722 1737 734 0
s 1740 722 1746 730 0
d 1757 722 1765 734 0
e 1766 722 1774 730 0
t 1775 722 1782 733 0
l 100 668 102 680 0
a 103 668 110 676 0
b 112 668 119 680 0
e 120 668 128 676 0
l 125 664 131 680 0
s 129 668 138 680 0
. 139 668 141 670 0
p 143 664 151 676 0
k 152 668 159 680 0
l 160 668 162 680 0
l 100 641 102 653 0
o 103 641 111 649 0
a 112 641 119 649 0
d 120 641 128 653 0
i 130 641 132 653 0
n 134 641 141 649 0
g 142 637 150 649 0
. 149 631 152 663 0
g 154 637 163 649 0
i 164 641 166 653 0
f 167 641 173 653 0
A 616 0 628 0 0
e 626 0 628 0 0
A 641 0 653 0 0
l 100 615 102 627 0
o 103 615 111 623 0
a 112 615 119 623 0
d 120 615 128 627 0
i 130 615 132 627 0
n 134 615 141 623 0
g 142 611 150 623 0
! 152 611 181 627 0
g 162 605 171 637 0
i 170 605 176 637 0
f 176 605 184 637 0
2 593 0 600 0 0
E 588 0 593 0 0
l 100 588 102 600 0
o 103 588 111 596 0
a 112 588 119 596 0
d 120 588 128 600 0
i 130 588 132 600 0
n 134 588 141 596 0
g 142 584 150 596 0
2 151 588 159 599 0
. 160 588 162 590 0
g 163 584 171 596 0
i 172 588 175 600 0
f 176 588 181 600 0
= 87 568 89 570 0
l 100 562 102 574 0
o 103 562 111 570 0
a 112 562 119 570 0
d 120 562 128 574 0
i 130 562 132 574 0
n 134 562 141 570 0
g 142 558 150 570 0
3 151 562 158 573 0
. 160 562 162 564 0
g 163 558 171 570 0
i 173 562 175 574 0
f 176 562 181 574 0
O 320 558 369 577 0
E 368 558 418 577 0
E 320 558 599 577 0
= 87 542 89 544 0
l 100 536 102 548 0
o 103 536 111 544 0
a 112 536 119 544 0
d 120 536 128 548 0
i 130 536 132 548 0
n 134 536 141 544 0
g 142 532 150 544 0
4 151 536 159 547 0
. 160 536 162 538 0
g 163 532 171 544 0
i 172 536 175 548 0
f 176 536 181 548 0
~ 936 516 984 555 0
m 100 509 112 517 0
a 108 505 116 517 0
i 113 509 123 517 0
n 125 509 132 517 0
. 134 509 136 511 0
p 138 505 145 517 0
y 146 505 153 517 0
n 100 483 107 491 0
e 108 483 115 491 0
w 116 483 127 491 0
_ 127 481 134 482 0
t 134 483 139 493 0
a 139 483 146 491 0
s 147 483 153 491 0
k 154 479 182 495 0
p 166 473 174 503 0
y 173 473 186 503 0
~ 77 457 91 574 0
n 100 456 107 464 0
e 106 454 114 468 0
w 108 456 127 464 0
_ 127 454 134 455 0
t 132 454 138 468 0
a 134 456 146 466 0
s 147 456 153 464 0
k 154 456 164 468 0
. 160 454 166 468 0
u 165 456 173 464 0
i 174 456 177 468 0
~ 77 431 99 445 0
~ 77 445 93 452 0
o 99 430 108 438 0
c 109 430 115 438 0
r 113 430 119 440 0
. 116 430 123 438 0
t 123 430 130 440 0
x 124 430 142 440 0
t 134 430 142 440 0
b 77 409 78 416 0
r 77 409 87 416 0
e 87 410 89 412 0
p 100 400 108 412 0
r 109 404 114 412 0
o 114 404 122 412 0
c 123 404 130 412 0
e 129 400 138 416 0
s 130 404 144 412 0
s 145 404 151 412 0
e 152 404 159 412 0
d 160 404 168 416 0
_ 168 402 176 403 0
i 176 404 178 416 0
m 180 404 192 412 0
g 193 400 201 412 0
. 202 404 204 406 0
p 206 400 214 412 0
n 215 404 222 412 0
g 223 400 231 412 0
R 100 377 109 389 0
E 100 377 126 388 0
A 119 377 128 389 0
D 127 377 137 388 0
M 138 377 150 388 0
E 152 377 159 388 0
. 160 377 162 379 0
m 163 377 175 385 0
d 176 377 184 389 0
r 100 351 105 359 0
e 105 351 112 359 0
g 113 347 121 359 0
i 123 351 125 363 0
o 126 351 134 359 0
n 136 351 143 359 0
_ 145 349 150 350 0
s 150 351 156 359 0
c 157 351 164 359 0
r 165 351 169 359 0
e 170 351 177 359 0
e 178 351 185 359 0
n 186 351 194 359 0
s 195 351 201 359 0
h 202 351 209 363 0
o 209 341 215 372 0
t 210 351 224 361 0
. 225 351 227 353 0
p 228 347 237 359 0
t 238 351 240 359 0
l 1679 347 1693 361 0
y 1693 347 1700 357 0
t 1712 347 1728 363 0
y 1736 352 1744 357 0
O 1792 347 1793 363 0
W 1792 347 1805 363 0
- 1823 353 1838 356 0
A 1856 353 1868 359 0
x 1887 350 1898 361 0
r 100 324 105 332 0
e 105 324 112 332 0
q 113 320 121 332 0
u 122 324 130 332 0
i 131 324 134 336 0
r 135 324 140 332 0
e 140 324 148 332 0
m 149 324 161 332 0
e 159 320 166 336 0
n 162 324 169 332 0
t 170 324 178 332 0
s 178 324 190 334 0
. 191 324 211 334 0
t 195 316 200 343 0
x 199 316 207 343 0
t 206 316 216 343 0
H 352 0 364 0 0
O 376 0 391 0 0
E 405 0 409 0 0
~ 81 325 100 342 0
e 245 0 258 0 0
o 272 0 285 0 0
n 298 0 310 0 0
r 100 298 105 306 0
e 105 298 112 306 0
s 113 298 119 306 0
i 120 298 122 310 0
z 123 298 130 306 0
e 130 298 138 306 0
d 139 298 147 310 0
_ 147 296 154 297 0
i 155 298 157 310 0
m 159 298 170 306 0
a 171 298 178 306 0
g 179 294 187 306 0
e 189 298 196 306 0
j 197 294 203 310 0
p 204 294 212 306 0
g 213 294 221 306 0
r 100 272 105 280 0
e 105 272 112 280 0
s 113 272 119 280 0
o 120 272 128 280 0
u 129 272 136 280 0
r 138 272 143 280 0
c 143 272 157 280 0
e 151 262 157 295 0
_ 162 270 165 271 0
r 165 272 170 280 0
c 170 272 177 280 0
. 178 272 180 274 0
p 181 268 189 280 0
y 190 268 197 280 0
e 100 245 158 253 0
y 159 241 170 253 0
, 171 241 178 253 0
T 646 233 657 247 0
y 657 229 666 243 0
p 667 229 676 243 0
e 678 233 686 243 0
y 694 229 702 243 0
o 703 233 711 243 0
u 713 233 722 243 0
r 724 233 730 243 0
m 737 233 751 243 0
e 753 233 762 243 0
s 758 229 767 243 0
s 763 233 778 243 0
a 779 233 787 243 0
g 789 229 798 243 0
e 800 233 809 243 0
h 816 233 821 248 0
e 816 233 825 248 0
r 827 233 835 243 0
e 837 233 843 243 0
. 844 233 852 243 0
. 855 233 857 236 0
. 861 233 875 236 0
a 1686 232 1693 240 0
s 1695 232 1702 240 0
“ 1714 240 1720 244 0
t 1721 232 1729 243 0
e 1731 232 1739 240 0
s 1740 232 1747 240 0
. 1751 232 1754 234 0
j 1758 229 1764 244 0
p 1767 229 1775 240 0
g 1776 229 1784 240 0
" 1786 240 1792 244 0
. 1796 232 1799 234 0
' 1806 240 1808 244 0
, 1813 229 1817 234 0
‘ 1833 240 1835 244 0
P 1839 232 1847 243 0
e 1848 232 1855 240 0
s 99 219 105 227 0
c 106 210 112 244 0
r 106 219 118 227 0
e 119 219 126 227 0
e 127 219 134 227 0
n 135 219 143 227 0
s 144 219 150 227 0
h 151 219 158 231 0
o 159 219 167 227 0
t 168 219 173 229 0
. 174 219 176 221 0
p 178 215 185 227 0
n 187 219 194 227 0
g 195 215 203 227 0
c 1679 212 1684 220 0
r 1686 212 1694 220 0
- 1696 216 1702 217 0
r 1704 212 1712 220 0
e 1713 212 1721 220 0
s 1722 212 1729 220 0
u 1731 212 1738 220 0
l 1740 212 1748 224 0
t 1748 212 1756 223 0
. 1760 212 1763 214 0
t 1766 212 1774 223 0
x 1775 212 1792 223 0
t 1785 209 1794 224 0
" 1795 220 1797 224 0
. 1798 212 1808 224 0
" 1815 220 1817 224 0
, 1822 209 1826 214 0
' 1842 220 1844 224 0
R 1848 212 1855 223 0
s 99 192 105 200 0
c 106 192 113 200 0
r 114 192 118 200 0
e 119 192 126 200 0
e 127 192 134 200 0
n 135 192 143 200 0
s 144 192 150 200 0
h 151 192 158 204 0
o 159 192 167 200 0
t 168 192 173 202 0
. 174 192 176 194 0
t 177 182 181 214 0
x 177 192 194 202 0
t 188 182 197 214 0
» 1687 189 1691 194 0
‘ 1707 200 1709 204 0
U 1713 192 1721 203 0
s 1722 192 1729 200 0
e 1731 192 1739 200 0
t 1748 192 1756 203 0
h 1758 192 1765 204 0
e 1767 192 1775 200 0
c 1785 192 1792 200 0
o 1794 192 1802 200 0
o 1803 192 1811 200 0
r 1812 192 1820 200 0
d 1821 192 1828 204 0
i 1830 192 1838 204 0
n 1839 192 1846 200 0
a 1848 192 1855 200 0
C 193 0 204 0 0
a 219 0 224 0 0
l 224 0 232 0 0
A 171 0 173 0 0
l 171 0 178 0 0
s 99 166 105 174 0
p 105 162 111 178 0
l 107 162 118 178 0
a 119 166 126 174 0
s 127 166 133 174 0
h 134 166 141 178 0
. 143 166 145 168 0
g 146 162 154 174 0
i 155 166 158 178 0
f 158 166 164 178 0
s 99 140 105 148 0
p 105 136 111 152 0
l 107 136 118 152 0
a 119 140 126 148 0
s 127 140 133 148 0
h 134 140 141 152 0
. 143 140 145 142 0
p 146 136 154 148 0
y 154 136 162 148 0
$ 11 77 24 115 0
0 15 81 43 110 0
O 67 100 100 111 0
N 101 100 130 110 0
E 131 100 137 110 0
o 390 92 407 100 0
r 408 92 416 100 0
d 417 92 424 110 0
i 426 92 434 104 0
n 435 92 442 100 0
a 444 92 451 100 0
t 452 92 460 103 0
e 462 92 470 100 0
s 471 92 478 100 0
o 489 92 497 100 0
f 498 92 506 104 0
t 515 92 523 103 0
h 525 92 532 104 0
e 534 92 542 100 0
d 552 92 559 104 0
e 561 92 569 100 0
t 569 92 577 103 0
e 579 92 587 100 0
c 588 92 595 100 0
t 596 92 604 103 0
e 606 92 614 100 0
d 615 92 622 104 0
t 632 92 640 103 0
e 642 92 650 100 0
x 650 92 667 103 0
t 661 92 667 103 0
f 677 92 686 104 0
o 687 92 695 100 0
r 696 92 704 100 0
a 714 92 721 100 0
u 723 92 730 100 0
t 731 92 739 103 0
o 741 92 749 104 0
m 741 92 758 100 0
a 759 92 766 100 0
t 767 92 775 103 0
i 777 92 785 104 0
o 786 92 794 100 0
n 795 92 802 100 0
: 806 92 809 100 0
U 822 92 838 103 0
t 831 92 839 104 0
i 840 92 848 104 0
l 849 92 857 104 0
i 858 92 866 104 0
z 867 92 875 100 0
e 876 92 884 100 0
t 893 92 901 103 0
h 903 92 910 104 0
e 912 92 920 100 0
o 930 92 938 100 0
b 939 92 947 104 0
t 947 92 955 103 0
a 957 92 964 100 0
i 966 92 973 104 0
n 975 92 982 100 0
e 984 92 992 100 0
d 993 92 1000 104 0
c 1011 92 1018 100 0
o 1020 92 1028 100 0
o 1029 92 1037 100 0
r 1038 92 1046 100 0
d 1047 92 1054 104 0
i 1056 92 1064 104 0
n 1065 92 1072 100 0
a 1074 92 1081 100 0
t 1082 92 1090 103 0
e 1092 92 1100 100 0
s 1101 92 1108 100 0
t 1118 92 1126 103 0
o 1128 92 1136 100 0
a 1146 92 1153 100 0
u 1155 92 1162 100 0
t 1163 92 1171 103 0
o 1173 92 1181 103 0
m 1173 92 1190 100 0
a 1191 92 1198 100 0
t 1199 92 1207 103 0
e 1209 92 1217 100 0
t 1226 92 1234 103 0
h 1236 92 1243 104 0
e 1245 92 1253 100 0
d 1263 92 1270 104 0
e 1272 92 1280 100 0
s 1281 92 1288 100 0
i 1290 92 1297 104 0
r 1299 92 1307 100 0
e 1308 92 1316 100 0
d 1317 92 1324 104 0
a 1335 92 1342 100 0
c 1344 92 1351 100 0
t 1352 92 1360 103 0
i 1362 92 1370 104 0
o 1371 92 1379 100 0
n 1380 92 1387 100 0
s 1389 92 1396 100 0
u 1407 92 1414 100 0
s 1416 92 1423 100 0
i 1425 92 1432 104 0
n 1434 92 1441 100 0
g 1443 89 1451 100 0
P 1461 92 1469 103 0
y 1469 89 1478 100 0
A 1478 89 1486 104 0
u 1478 92 1495 103 0
t 1496 92 1504 103 0
o 1503 89 1514 104 0
G 1506 92 1523 103 0
U 1524 92 1532 103 0
I 1533 92 1540 103 0
. 1544 92 1547 94 0
" 1554 100 1556 104 0
] 1561 89 1566 104 0
> 67 73 73 84 0
T 82 74 89 84 0
I 90 74 93 84 0
M 94 74 105 84 0
E 103 74 111 84 0
L 107 74 120 84 0
I 121 74 123 84 0
N 125 74 134 84 0
E 135 74 141 84 0
B 0 40 41 65 0
Y 22 40 36 65 0
© 51 46 67 61 0
o 72 47 79 57 0
A 84 47 99 61 0
2 104 47 111 57 0
w 132 46 147 61 0
o 152 47 159 57 0
e 270 142 290 162 0
a 446 145 449 147 0
6 459 145 462 147 0
« 525 145 528 147 0
& 1569 147 1583 167 0
> 1624 150 1642 164 0
> 1679 149 1681 160 0
, 1679 149 1691 160 0
s 1704 152 1711 160 0
u 1713 152 1720 160 0
c 1722 152 1729 160 0
h 1731 152 1738 164 0
a 1749 152 1756 160 0
s 1758 152 1765 160 0
“ 1777 160 1783 164 0
t 1784 152 1792 163 0
e 1794 152 1802 160 0
s 1803 152 1810 160 0
. 1814 152 1817 154 0
j 1823 149 1828 164 0
p 1830 149 1838 160 0
g 1839 149 1847 160 0
” 1849 160 1855 164 0
S 361 135 371 147 0
h 372 135 380 148 0
o 381 135 391 144 0
w 391 135 482 147 0
A 406 126 416 154 0
I 415 126 425 154 0
V 431 135 441 148 0
i 441 135 448 148 0
s 448 135 458 148 0
i 457 135 465 148 0
o 464 135 474 148 0
n 473 135 481 148 0
p 489 132 498 144 0
r 499 135 505 144 0
e 505 135 524 144 0
v 515 132 525 144 0
i 525 135 528 144 0
e 529 135 553 144 0
w 546 132 553 144 0
@ 567 130 581 150 0
& 562 130 602 150 0
) 587 130 602 150 0
a 1678 132 1684 140 0
m 1685 132 1694 140 0
e 1695 132 1703 140 0
d 1704 132 1711 144 0
“ 1723 140 1729 144 0
o 1731 132 1739 140 0
c 1740 132 1747 140 0
r 1749 132 1757 140 0
- 1759 136 1765 137 0
r 1767 132 1775 140 0
e 1776 132 1784 140 0
s 1785 132 1792 140 0
u 1794 132 1801 140 0
l 1803 132 1811 144 0
t 1811 132 1819 143 0
. 1823 132 1826 134 0
t 1829 132 1837 143 0
x 1837 132 1847 144 0
t 1839 132 1855 143 0
- 1663 112 1666 113 0
d 1668 112 1675 123 0
w 1685 112 1694 120 0
o 1695 112 1703 120 0
r 1704 112 1712 120 0
d 1713 112 1720 124 0
s 1722 112 1729 120 0
. 1733 112 1736 114 0
' 1743 120 1745 124 0
, 1750 109 1754 114 0
‘ 1770 120 1772 124 0
U 1776 112 1784 123 0
s 1785 112 1792 120 0
e 1794 112 1802 120 0
t 1811 112 1819 123 0
h 1821 112 1828 124 0
e 1830 112 1838 120 0
c 1848 112 1855 120 0
© 139 0 168 0 0
~ 105 119 144 125 0
L 1428 47 1434 57 0
n 1435 47 1441 54 0
1 1447 47 1451 57 0
3 1454 47 1460 57 0
, 1461 46 1464 49 0
C 1469 47 1477 57 0
o 1478 47 1485 54 0
l 1487 47 1489 57 0
2 1494 47 1501 57 0
1 1502 47 1506 57 0
4 1509 47 1516 57 0
S 1536 47 1543 57 0
p 1544 44 1551 54 0
a 1552 47 1558 54 0
c 1559 47 1565 54 0
e 1566 47 1573 54 0
s 1574 47 1579 54 0
: 1580 47 1582 54 0
2 1587 47 1594 57 0
U 1614 47 1622 57 0
T 1624 47 1631 57 0
F 1632 47 1638 57 0
- 1639 50 1643 51 0
8 1644 47 1651 57 0
L 1672 47 1678 57 0
F 1672 47 1684 57 0
{ 1703 47 1708 60 0
% 1711 46 1718 60 0
P 1726 44 1732 57 0
y 1726 44 1745 57 0
t 1740 44 1749 57 0
h 1746 47 1753 57 0
o 1754 47 1761 54 0
n 1763 47 1769 54 0
3 1788 47 1794 57 0
. 1795 47 1797 49 0
1 1799 47 1803 57 0
1 1807 47 1811 57 0
. 1814 47 1816 49 0
6 1817 47 1824 57 0
6 1829 47 1835 57 0
4 1836 47 1843 57 0
- 1844 50 1849 51 0
b 1850 47 1857 57 0
i 1859 47 1861 54 0
t 1862 47 1866 56 0
O 1887 46 1900 61 0
8 1813 25 1821 34 0
0 1822 25 1834 34 0
4 1829 25 1837 34 0
A 1837 25 1845 34 0
M 1845 25 1856 34 0
r 1807 7 1811 16 0
e 1813 6 1819 16 0
p 1819 6 1827 16 0
a 1827 6 1835 16 0
r 1812 6 1864 16 0
e 1843 6 1851 16 0
s 1851 6 1864 16 0
“ 1879 12 1895 28 0
I 1888 12 1895 28 0
~ 159 28 396 56 0
~ 44 0 396 28 0
@ 1609 13 1633 28 0
9 1641 14 1648 24 0
c 1649 14 1662 24 0
B 1672 14 1678 24 0
e 1677 14 1687 24 0
w 1672 14 1704 24 0
o 1699 22 1703 23 0
k 1705 14 1707 24 0
t 1709 14 1720 24 0
~ 1737 17 1749 24 0
H 1759 13 1775 26 0
H 1783 14 1789 26 0
) 1791 13 1799 27 0
~ 12 8 41 31 0
~ 450 0 874 36 0
